33574 75.7 72.1 58.8 71.2 79.2 79.5
34533 53.2 79.3 79.4 95.0 93.4 82.1
89848 81.4 76.9 97.3 56.3 89.4 77.1
37633 89.0 94.2 61.8 57.5 97.5 78.7
36221 71.8 74.9 73.5 95.1 50.3 76.2
74554 70.5 64.1 51.3 73.1 57.5 50.2
81669 85.3 93.4 85.3 96.1 62.8 71.1
95815 79.7 99.6 79.7 54.9 76.6 62.7
15497 92.9 61.5 80.3 87.7 70.7 76.0
38214 70.6 99.5 56.3 85.3 66.3 54.8
61281 51.8 99.5 68.5 68.2 61.1 95.3
75682 74.6 76.7 95.3 58.5 95.5 97.2
57945 53.4 55.0 54.2 99.9 64.0 66.3
98570 65.4 53.8 65.3 86.1 86.9 65.3
30429 68.4 98.8 91.7 64.6 74.1 89.0
44999 58.0 64.0 94.7 87.4 93.1 58.3
41124 87.1 61.7 79.4 62.2 57.9 59.3
42011 71.7 90.8 54.4 94.1 89.4 79.2
11844 73.4 75.2 71.7 89.5 78.2 91.7
79166 93.4 64.2 86.5 56.7 59.7 65.0
75035 77.4 58.2 68.6 75.5 70.1 88.1
94982 63.6 68.0 54.0 80.0 85.1 95.6
75953 73.8 60.6 95.4 53.4 81.1 91.2
87615 54.0 50.3 78.9 57.3 88.7 57.1
46383 83.0 96.6 59.0 56.0 87.3 88.3
51267 64.6 73.5 71.7 61.5 63.3 59.7
40648 55.8 81.4 98.9 99.3 76.9 61.4
67668 53.1 59.9 88.1 91.6 63.0 91.3
49461 52.5 97.0 95.3 95.2 93.2 81.9
48337 72.9 73.9 91.9 86.7 58.3 93.0
86605 82.1 77.7 55.2 66.6 63.6 72.0
11234 74.5 63.1 57.1 58.7 74.6 64.9
87959 98.5 52.6 99.1 98.3 52.9 64.1
88031 55.6 61.9 57.8 74.2 82.5 68.2
73661 78.4 96.1 59.9 63.4 66.1 53.5
81928 89.8 93.5 82.9 68.3 62.1 96.3
40881 92.9 85.5 81.9 64.5 59.5 67.4
46033 75.6 71.1 56.2 86.4 75.6 71.2
89554 76.8 55.4 87.9 70.1 70.1 53.7
95622 68.3 58.0 58.4 75.4 51.5 70.8
30129 96.7 69.1 77.2 82.2 91.7 70.0
10637 63.9 87.6 96.6 92.6 76.8 50.3
49054 67.2 53.9 75.7 50.5 52.4 64.4
73914 80.4 53.0 58.6 51.6 59.9 71.8
22603 64.0 62.1 63.9 68.9 99.1 70.2
88666 62.4 55.3 98.3 54.2 92.0 73.7
50744 81.1 54.8 53.0 95.3 60.9 82.6
13903 86.6 81.5 55.0 50.0 98.8 57.0
99590 95.8 77.9 55.8 87.5 57.1 60.9
47113 80.7 65.7 68.6 59.8 52.0 57.2
19908 81.0 52.9 75.0 59.0 88.8 93.8
23481 73.4 66.8 64.5 85.1 87.1 60.0
63151 78.3 92.2 51.1 96.0 78.1 70.2
68226 98.8 90.5 55.5 78.7 53.7 85.1
91209 58.2 81.1 88.1 90.3 90.3 69.5
67835 50.9 51.0 87.1 85.4 71.3 71.6
17323 73.5 75.5 53.0 81.4 58.3 52.3
85869 65.0 90.3 70.0 87.9 77.4 69.9
41907 57.1 69.5 80.9 94.7 91.4 54.4
11981 60.1 74.6 98.3 72.0 71.1 92.8
81064 75.9 98.8 87.9 78.3 73.5 96.7
52530 56.8 76.5 58.9 81.6 54.9 76.6
75606 50.4 50.1 86.7 97.3 55.3 56.5
72253 78.6 95.3 88.3 86.8 91.5 51.6
39336 64.1 80.3 63.4 72.7 86.5 61.4
74655 65.3 83.3 82.7 92.7 50.3 93.3
44970 81.6 95.6 90.4 99.5 51.5 77.0
93431 89.2 81.2 89.0 87.7 60.6 72.1
74897 99.1 50.9 77.9 91.5 80.5 65.0
37234 76.1 79.0 67.6 86.3 85.8 98.4
66802 78.0 70.9 79.2 55.8 53.3 81.4
22873 51.2 59.9 92.5 84.6 61.2 78.2
72646 93.2 95.8 90.8 77.3 82.9 60.4
76492 69.6 80.9 95.1 51.8 76.4 98.4
69570 50.1 77.2 58.1 93.1 51.1 62.0
20109 74.9 70.3 90.8 53.6 86.9 67.0
72857 98.2 78.3 94.3 70.6 51.3 71.6
78245 52.0 57.0 96.3 66.1 62.2 87.4
15677 74.5 88.6 62.5 67.0 72.4 64.7
86109 74.1 50.8 55.4 69.6 97.4 83.2
87957 91.4 63.9 98.0 85.9 72.1 76.7
62711 87.2 54.1 72.6 73.8 68.0 97.0
57684 58.1 82.7 81.1 66.8 72.5 96.3
10422 87.5 92.9 98.2 75.0 61.3 89.2
42322 96.5 51.9 52.2 84.4 55.6 91.4
26955 65.0 71.4 79.4 95.1 91.8 90.5
23652 67.4 74.8 83.1 81.6 85.4 83.1
91226 59.6 76.7 88.0 56.1 51.0 64.5
29773 50.9 73.0 97.0 58.0 85.5 54.1
57390 63.3 78.2 71.8 59.7 81.5 64.8
41773 50.9 87.4 67.0 98.0 99.1 53.9
31702 90.8 72.8 81.0 66.2 72.5 78.9
26896 81.2 81.2 74.9 83.0 94.3 92.8
52163 98.6 77.8 50.6 70.2 87.0 70.4
86448 83.0 76.0 51.5 92.7 81.3 74.2
53663 63.3 83.4 62.4 94.3 80.4 99.8
99032 85.5 87.0 96.5 87.2 77.3 97.5
63412 80.9 80.4 65.3 61.5 66.3 97.7
77603 64.1 75.6 60.5 58.1 68.4 57.0
28988 71.1 50.4 58.1 87.8 93.1 65.0
66996 76.1 53.4 72.5 66.2 65.4 84.2
49215 98.4 53.4 54.2 97.1 97.2 89.2
26634 99.7 71.6 61.3 51.9 52.6 51.1
68108 76.6 53.3 55.5 87.3 57.5 70.1
89050 53.5 55.1 53.3 86.0 61.6 73.5
43724 98.8 90.7 97.5 86.2 83.4 84.9
44435 84.8 78.7 72.6 73.1 74.2 57.7
30052 72.2 90.6 96.7 60.5 91.5 54.4
83721 72.4 71.7 54.8 92.6 94.1 66.7
74038 52.1 57.1 88.2 70.2 83.3 68.3
82645 81.1 59.3 96.0 65.3 69.8 92.3
41634 53.4 72.1 52.6 96.4 72.2 73.4
55072 98.6 71.8 84.5 96.6 83.8 84.1
91877 92.7 78.5 78.0 55.5 91.0 51.8
88950 54.2 93.5 56.3 90.2 92.6 97.9
82552 99.5 87.1 81.5 58.8 98.3 53.3
28083 64.8 79.8 94.0 86.0 89.6 74.7
15276 74.5 89.0 77.7 58.6 96.4 66.0
91998 91.1 77.6 88.8 93.2 57.5 99.9
16191 58.2 78.9 92.5 60.7 66.2 73.2
86243 85.4 59.3 69.3 82.3 59.0 80.8
66325 65.4 50.5 97.3 68.6 68.5 66.2
39151 76.5 83.0 66.1 50.1 84.0 99.3
23386 71.8 61.2 81.8 97.9 95.0 85.0
12496 58.6 94.0 66.0 73.2 54.4 99.0
24311 97.3 99.4 93.7 60.8 63.5 57.6
31471 91.8 95.9 69.2 52.3 73.7 63.8
96122 93.9 87.7 60.4 97.8 72.7 69.2
87486 75.4 85.4 75.7 71.3 70.0 80.9
45644 56.8 66.3 94.1 50.4 71.0 73.2
89572 95.8 92.3 76.6 92.0 97.7 85.2
89105 86.2 83.9 99.0 77.3 50.9 83.7
27650 63.7 98.9 70.2 74.1 80.0 95.5
99785 69.1 94.4 80.8 76.0 76.6 87.0
40717 74.1 87.9 95.5 71.7 67.2 55.5
48715 75.7 71.7 77.3 87.3 60.7 77.1
19362 51.7 67.8 87.6 57.3 100.0 68.3
15779 89.1 93.9 55.6 83.0 92.2 73.2
30550 65.9 93.0 70.4 55.0 99.4 72.8
26403 62.0 75.6 69.5 53.3 87.7 78.5
99094 91.3 92.9 83.5 68.9 68.1 64.2
14622 74.9 70.1 99.3 71.4 93.7 65.1
85075 62.1 68.6 63.3 56.7 82.8 54.6
98299 78.6 94.1 91.1 88.5 84.4 76.9
62037 62.5 71.6 86.3 63.1 69.2 65.1
75897 58.8 93.0 52.5 65.2 70.3 84.5
35090 97.7 74.4 99.8 70.4 81.4 83.7
28920 72.9 69.3 74.5 65.6 82.8 70.6
13074 63.9 85.6 56.7 56.7 95.5 72.7
33266 66.4 57.9 97.4 72.9 74.0 74.3